[[0.3867185181374042, 0.0001084758402816368, 0.6131730060223143, 0.0], [0.3654016408837892, 0.00010052760987603728, 0.6344978315063348, 0.0], [0.33699101668937337, 0.00010026396457765669, 0.6629087193460491, 0.0], [0.31831741300791383, 0.00010108111501973038, 0.6815815058770663, 0.0], [0.33076611646113335, 0.00010197277262020229, 0.6691319107662463, 0.0], [0.3181629834254143, 9.947285721526687e-05, 0.6817375437173704, 0.0], [0.2998902884407705, 0.00011560211274519429, 0.6999941094464843, 0.0], [0.2926546375121477, 0.00011504178814382895, 0.7072303206997084, 0.0], [0.24510235575711772, 0.00014833711262282693, 0.7547493071302595, 0.0], [0.1775209823268443, 0.00015605226793376808, 0.8223229654052219, 0.0], [0.1254070780297283, 0.00016543032959622354, 0.8744274916406755, 0.0], [0.0538825325969412, 0.00016102258763922358, 0.9459564448154195, 0.0], [0.01101853460151395, 0.00018114925243474978, 0.9888003161460514, 0.0], [0.012407696573463311, 0.0001718376043430039, 0.9874204658221937, 0.0], [0.015181504892507677, 0.00021025283908292268, 0.9846082422684094, 0.0], [0.015603490021099235, 0.00020364221230673445, 0.984192867766594, 0.0], [0.011682878403630541, 0.00019645955686065138, 0.9881206620395088, 0.0], [0.009828361278528376, 0.00016906795395469734, 0.9900025707675169, 0.0], [0.01127877377643127, 0.0001838866851984883, 0.9885373395383702, 0.0], [0.007569580085338773, 0.00017618445436434836, 0.9922542354602969, 0.0], [0.010056373534597419, 0.00018211203563364158, 0.9897615144297689, 0.0], [0.011681792598846205, 0.00016568172224567325, 0.9881525256789081, 0.0], [0.010482474630371285, 0.00017728627781625462, 0.9893402390918125, 0.0], [0.009898560735053172, 0.0001891444726443281, 0.9899122947923025, 0.0], [0.013428469186428874, 0.0002277650972958335, 0.9863437657162754, 0.0], [0.01689702270562879, 0.0002950979900756854, 0.9828078793042956, 0.0], [0.04258043432146419, 0.0006700968085316774, 0.9567494688700042, 0.0], [0.48200531818085174, 0.00043049873944650736, 0.5175641830797016, 0.0], [0.47042365548455806, 0.0001567492012779553, 0.529419595314164, 0.0], [0.44981344749540936, 0.0001374428833753256, 0.5500491096212154, 0.0], [0.39055003180857395, 0.00012082127685772334, 0.6093291469145684, 0.0], [0.31473523725292585, 0.00012109463378514575, 0.6851436681132891, 0.0], [0.2862551661282463, 0.00010625530148531827, 0.7136385785702684, 0.0], [0.27781824864167864, 0.00011906177288154993, 0.7220626895854398, 0.0], [0.3027324258885185, 0.00010256837413693228, 0.6971650057373445, 0.0], [0.316467959335199, 0.00011208521331886459, 0.6834199554514822, 0.0], [0.30195646892774775, 0.00011919277266592628, 0.6979243382995863, 0.0], [0.2735921913431258, 0.00013605728340574213, 0.7262717513734684, 0.0], [0.21892040944955418, 0.00013743638825341987, 0.7809421541621925, 0.0], [0.16878112673757512, 0.00017510405048828918, 0.8310437692119366, 0.0], [0.11862620066689894, 0.0001465062459563032, 0.8812272930871449, 0.0], [0.05988955527393828, 0.00017351389584745511, 0.9399369308302142, 0.0], [0.008367566365119384, 0.0001746255375945425, 0.9914578080972861, 0.0], [0.0093067768987879, 0.0001998947475639154, 0.9904933283536482, 0.0], [0.009002323818313666, 0.00019406355066253544, 0.9908036126310237, 0.0], [0.010953645411955513, 0.00023024083632574075, 0.9888161137517186, 0.0], [0.009293900375717949, 0.00019464394272685585, 0.9905114556815553, 0.0], [0.00850364866122677, 0.00018363997393813412, 0.9913127113648351, 0.0], [0.008169607897975164, 0.0001646576798299586, 0.9916657344221949, 0.0], [0.009875919995505366, 0.00018082476543626044, 0.9899432552390585, 0.0], [0.008954165223646003, 0.00015684524602392304, 0.99088898953033, 0.0], [0.007601776526967838, 0.00016447457292240622, 0.9922337489001097, 0.0], [0.008910344901166755, 0.00018998788449015814, 0.9908996672143431, 0.0], [0.00954198147071895, 0.00020127517007965538, 0.9902567433592013, 0.0], [0.012267441860465116, 0.0002766032417195208, 0.9874559548978153, 0.0], [0.01856536898748078, 0.0003232758620689655, 0.9811113551504502, 0.0], [0.04969319517930629, 0.000865299823633157, 0.9494415049970606, 0.0], [0.39262580071174374, 0.0004579065449481664, 0.606916292743308, 0.0], [0.39927594870372085, 0.00018149449736428372, 0.6005425567989149, 0.0], [0.40247936010037644, 0.00013460895023002927, 0.5973860309493936, 0.0], [0.39649565678602167, 0.00011783719952765047, 0.6033865060144507, 0.0], [0.34304079431833406, 0.0001068652378611559, 0.6568523404438047, 0.0], [0.2704000099940036, 0.00011767939236458124, 0.7294823106136317, 0.0], [0.24037285834659677, 0.00011024248665855259, 0.7595168991667447, 0.0], [0.2847071838583962, 0.00011302770258595865, 0.7151797884390179, 0.0], [0.3071663228835108, 0.00010469086188808079, 0.6927289862546011, 0.0], [0.25833272239375954, 0.0001356747971344584, 0.741531602809106, 0.0], [0.22253828637866235, 0.00012296261717540858, 0.7773387510041623, 0.0], [0.2227508767197195, 0.00014438286288839298, 0.7771047404173922, 0.0], [0.1951207669511917, 0.00016304044983663028, 0.8047161925989718, 0.0], [0.1550596422790118, 0.00015623756070376563, 0.8447841201602845, 0.0], [0.07401529786363124, 0.00016229013078396842, 0.9258224120055848, 0.0], [0.010295476207754187, 0.00017874809244619114, 0.9895257756997997, 0.0], [0.010578248105209551, 0.00017637278691471197, 0.9892453791078758, 0.0], [0.013098577691885802, 0.00018622058142005939, 0.986715201726694, 0.0], [0.011603924358959404, 0.00019457556882047287, 0.9882015000722201, 0.0], [0.009915413384210087, 0.00018467211689703994, 0.9898999144988929, 0.0], [0.011384308824694626, 0.00018817742086178743, 0.9884275137544436, 0.0], [0.011655516152103945, 0.00017545297413279294, 0.9881690308737633, 0.0], [0.00963590441621295, 0.00019470659407138538, 0.9901693889897157, 0.0], [0.0076542470262155, 0.0001699820995496016, 0.9921757708742349, 0.0], [0.008146383442045472, 0.00019409259144829703, 0.9916595239665061, 0.0], [0.008890040846871004, 0.00018357706339060207, 0.9909263820897384, 0.0], [0.010672438037726745, 0.0002211575177076001, 0.9891064044445657, 0.0], [0.011294212883885574, 0.0002461784859087073, 0.9884596086302058, 0.0], [0.015304955665922233, 0.00035183048264494834, 0.9843432138514328, 0.0], [0.0317204468855324, 0.0007349269754088129, 0.9675446261390588, 0.0], [0.38502848447333127, 0.0006106365418343134, 0.6143608789848344, 0.0], [0.3738004325946853, 0.0001732585856802331, 0.6260263088196345, 0.0], [0.43135924266188663, 0.00014423033833744115, 0.5684965269997759, 0.0], [0.39149579708390264, 0.0001018299116176903, 0.6084023730044796, 0.0], [0.3317253820874247, 0.00011655646183085206, 0.6681580614507444, 0.0], [0.30301829864382085, 0.00010464620252039602, 0.6968770551536588, 0.0], [0.27730991169315156, 0.00010709603763515494, 0.7225829922692133, 0.0], [0.3092618366617294, 0.00010023494560498493, 0.6906379283926656, 0.0], [0.32758051567812624, 0.00011121080468454856, 0.6723082735171892, 0.0], [0.26535366461532567, 0.00011287168574222121, 0.7345334636989322, 0.0], [0.23882146056099599, 0.00012683266548096085, 0.761051706773523, 0.0], [0.23399578798356965, 0.0001366294585876401, 0.7658675825578427, 0.0], [0.17604413019311801, 0.00016641245055712102, 0.8237894573563248, 0.0], [0.12769559661883234, 0.00016533741469853129, 0.8721390659664691, 0.0], [0.06838108783127515, 0.00016338282225613986, 0.9314555293464687, 0.0], [0.013047089914381972, 0.0001819769418601057, 0.986770933143758, 0.0], [0.012462078817153627, 0.00017340657398680492, 0.9873645146088597, 0.0], [0.013285958312540785, 0.00022599900195769833, 0.9864880426855016, 0.0], [0.010701944173809624, 0.00021945236059275279, 0.9890786034655976, 0.0], [0.012530028484162124, 0.00020204880057654692, 0.9872679227152614, 0.0], [0.011230661913316866, 0.0001661492252414103, 0.9886031888614417, 0.0], [0.01000225018546885, 0.0001805769864356336, 0.9898171728280954, 0.0], [0.010694743585832394, 0.00019637572836267122, 0.989108880685805, 0.0], [0.012081029277063473, 0.0001997319944363402, 0.9877192387285001, 0.0], [0.009152618381890337, 0.00017660991136976242, 0.9906707717067399, 0.0], [0.010495050319015983, 0.0001936295467999737, 0.9893113201341841, 0.0], [0.011145911404976241, 0.0001918093222017074, 0.988662279272822, 0.0], [0.012967521619002942, 0.0002649925586908202, 0.9867674858223062, 0.0], [0.01989048293097276, 0.00030888747826123865, 0.9798006295907661, 0.0], [0.04762111244019137, 0.0007042464114832535, 0.9516746411483253, 0.0], [0.48013114252448263, 0.00042856615113672506, 0.5194402913243806, 0.0], [0.4198119737405452, 0.00016804623947481087, 0.5800199800199799, 0.0], [0.3870102440626026, 0.00014089963883112618, 0.6128488562985662, 0.0], [0.3802980540072089, 0.00011596186799550926, 0.6195859841247957, 0.0], [0.370283361078496, 0.00010971499547553385, 0.6296069239260285, 0.0], [0.3149775862068966, 0.00011600985221674876, 0.6849064039408866, 0.0], [0.2526432856956531, 0.00010970019937021373, 0.7472470141049768, 0.0], [0.28358305759335983, 0.00010091891979869478, 0.7163160234868414, 0.0], [0.28757416313882617, 0.00012135865215211485, 0.7123044782090217, 0.0], [0.25806700006623834, 0.00012999271378419554, 0.7418030072199775, 0.0], [0.23434634565980814, 0.00013950128449880978, 0.765514153055693, 0.0], [0.20909978671163912, 0.00014601572381637358, 0.7907541975645445, 0.0], [0.16499153757097967, 0.00017743536027344396, 0.8348310270687469, 0.0], [0.11868724083878494, 0.00015517238174163063, 0.8811575867794733, 0.0], [0.04520248953582807, 0.0001839039170362966, 0.9546136065471357, 0.0], [0.009298598242572778, 0.0001759668838543846, 0.9905254348735728, 0.0], [0.012032271573640221, 0.00020118933395956272, 0.9877665390924003, 0.0], [0.010565307968088888, 0.00019015858660895968, 0.9892445334453022, 0.0], [0.009186629887440758, 0.00021799096563981045, 0.9905953791469195, 0.0], [0.0079839944635863, 0.00017338104072797951, 0.9918426244956857, 0.0], [0.00934037939563497, 0.00018799212309189572, 0.9904716284812731, 0.0], [0.008531586503948311, 0.00016905958363244795, 0.9912993539124192, 0.0], [0.009697598842168533, 0.00019473121091600142, 0.9901076699469156, 0.0], [0.010203181521674673, 0.00017456858210282867, 0.9896222498962224, 0.0], [0.009389662148633368, 0.00019321993597166628, 0.9904171179153949, 0.0], [0.008569961464467583, 0.00017948184011267439, 0.9912505566954198, 0.0], [0.01036437112327941, 0.0001930338435198827, 0.9894425950332008, 0.0], [0.013324602181491785, 0.000220296207984037, 0.9864551016105241, 0.0], [0.015566582785538208, 0.000302357230895645, 0.9841310599835661, 0.0], [0.03639467892283791, 0.0007622345934748836, 0.9628430864836873, 0.0], [0.46823734856135835, 0.00041601101131519844, 0.5313466404273265, 0.0], [0.43707632326432516, 0.00016079914786693613, 0.562762877587808, 0.0], [0.4263551366371469, 0.0001286808068288587, 0.5735161825560242, 0.0], [0.36694446132652647, 0.00011927190956606295, 0.6329362667639075, 0.0], [0.36052859148104205, 9.838243403572681e-05, 0.6393730260849222, 0.0], [0.35886311768207974, 0.00011683865846398094, 0.6410200436594562, 0.0], [0.3081686107645222, 0.00010795370894354397, 0.6917234355265344, 0.0], [0.3133381197866198, 0.00010877992515321564, 0.6865531002882271, 0.0], [0.31380216001801453, 0.00010198160433735774, 0.6860958583776481, 0.0], [0.2962593268368262, 0.00012002568702601323, 0.7036206474761477, 0.0], [0.24220462562194087, 0.00011971400833299621, 0.7576756603697261, 0.0], [0.21471477318459772, 0.00015027494191162662, 0.7851349518734906, 0.0], [0.2037664552269544, 0.00017675810747727706, 0.7960567866655683, 0.0], [0.133995948713283, 0.00017589641100001924, 0.8658281548757171, 0.0], [0.05142509422110553, 0.0001680990178163545, 0.9484068067610781, 0.0], [0.00904944218009083, 0.00020404087251886077, 0.9907465169473904, 0.0], [0.008830214493777033, 0.0001732279989407715, 0.9909965575072822, 0.0], [0.011273594780363563, 0.00020541851296186457, 0.9885209867066745, 0.0], [0.01033859906720711, 0.00020214481731685162, 0.989459256115476, 0.0], [0.008642256966785038, 0.00018629818795200327, 0.9911714448452629, 0.0], [0.008275552037748353, 0.0001730327712604512, 0.9915514151909912, 0.0], [0.009461562238799716, 0.00017081463682133024, 0.9903676231243789, 0.0], [0.010209482482453331, 0.0001874654163147625, 0.989603052101232, 0.0], [0.009178824836862054, 0.0001677685008406235, 0.9906534066622973, 0.0], [0.008554703299243079, 0.00017009013693881087, 0.9912752065638181, 0.0], [0.008489928191737387, 0.0001830178121794274, 0.9913270539960831, 0.0], [0.010215388626975892, 0.00021020406082759242, 0.9895744073121965, 0.0], [0.012956487584304108, 0.00022560928877988966, 0.9868179031269161, 0.0], [0.020803309900410075, 0.00034490333919156413, 0.9788517867603983, 0.0], [0.03761467545329222, 0.0006749038198936075, 0.9617104207268142, 0.0], [0.3803222535438145, 0.0004767155283505155, 0.6192010309278351, 0.0], [0.35685083907701526, 0.0001764309259814204, 0.6429727299970033, 0.0], [0.4130322210784957, 0.00014676306478199892, 0.5868210158567223, 0.0], [0.4279120006460643, 0.00010565844729191343, 0.5719823409066437, 0.0], [0.3986129005153485, 0.00010993166031817164, 0.6012771678243334, 0.0], [0.34801646054955276, 0.00010046578276239668, 0.6518830736676848, 0.0], [0.2847764795655449, 0.00011669045070757523, 0.7151068299837475, 0.0], [0.277621391660727, 0.00010490912330719888, 0.7222736992159658, 0.0], [0.29707102766362736, 0.00011363030875149182, 0.7028153420276212, 0.0], [0.2700588678491676, 0.00010688803761732722, 0.7298342441132151, 0.0], [0.2733564337606838, 0.00012647222222222224, 0.7265170940170941, 0.0], [0.2566735502360081, 0.0001417854734611309, 0.7431846642905308, 0.0], [0.1716974796142759, 0.00018184932164522376, 0.8281206710640789, 0.0], [0.11985993900675657, 0.00015478350027604701, 0.8799852774929674, 0.0], [0.06080115007809172, 0.00016718727814851625, 0.9390316626437598, 0.0], [0.01061368975178736, 0.00018318963232842277, 0.9892031206158842, 0.0], [0.011857894736842107, 0.00019068825910931175, 0.9879514170040486, 0.0], [0.011837703815767356, 0.00019793242561775087, 0.987964363758615, 0.0], [0.009229579939846575, 0.00019896252238856408, 0.9905714575377648, 0.0], [0.01034403311465167, 0.0001839268978444236, 0.9894720399875039, 0.0], [0.009375343494465149, 0.00016462424208711128, 0.9904600322634477, 0.0], [0.007900228840327468, 0.00018976020112163993, 0.9919100109585509, 0.0], [0.00768514561685936, 0.00018840919069222886, 0.9921264451924484, 0.0], [0.008297511816186934, 0.00018152905558099008, 0.9915209591282321, 0.0], [0.010022214253053914, 0.00017400012172250136, 0.9898037856252235, 0.0], [0.012083127905338779, 0.00020733554021693196, 0.9877095365544443, 0.0], [0.009982832690616332, 0.0001991577024558555, 0.9898180096069279, 0.0], [0.012906017042353805, 0.0002411341653332549, 0.986852848792313, 0.0], [0.016446058409067703, 0.00030059736546512815, 0.9832533442254672, 0.0], [0.04335149439601494, 0.0007331880448318804, 0.9559153175591532, 0.0], [0.4963982030728123, 0.00039538410153640616, 0.5032064128256514, 0.0], [0.4148888910335619, 0.00017996252217187544, 0.5849311464442661, 0.0], [0.4014325187375938, 0.00013255539749674976, 0.5984349258649094, 0.0], [0.4063674929749276, 0.00012824841527435903, 0.593504258609798, 0.0], [0.34655684920213253, 0.00010786325412674275, 0.6533352875437407, 0.0], [0.33525857863929426, 0.00012486214794706483, 0.6646165592127588, 0.0], [0.27694807262010873, 0.00010710192647032071, 0.7229448254534209, 0.0], [0.2521005946661348, 0.00010674075819932194, 0.7477926645756658, 0.0], [0.2598823820779311, 0.00010232368174076261, 0.7400152942403281, 0.0], [0.2573781732065298, 0.00011021978433428184, 0.7425116070091358, 0.0], [0.2342568838418272, 0.00012610576103630475, 0.7656170103971365, 0.0], [0.23497085978072704, 0.00013589151759953836, 0.7648932487016733, 0.0], [0.22629258796738413, 0.0001576189426773427, 0.7735497930899384, 0.0], [0.1506403863148593, 0.0001486554727938392, 0.8492109582123469, 0.0], [0.05059107354902559, 0.00018743535003656948, 0.9492214911009378, 0.0], [0.009539769268674456, 0.0001706571204962463, 0.9902895736108293, 0.0], [0.010931313547242723, 0.00018648443191536537, 0.988882202020842, 0.0], [0.013760798696006521, 0.00019193154034229833, 0.9860472697636512, 0.0], [0.012721450362039184, 0.0002163965156026023, 0.9870621531223582, 0.0], [0.008371426444312092, 0.00017532757593805836, 0.9914532459797499, 0.0], [0.010484231517189095, 0.00019509212564685718, 0.989320676357164, 0.0], [0.01027172167778423, 0.00017422866696172132, 0.9895540496552541, 0.0], [0.009176617214247102, 0.00019331491380863712, 0.9906300678719443, 0.0], [0.008670514378290807, 0.000158971243418388, 0.9911705143782908, 0.0], [0.012132250038874203, 0.00018309749650132176, 0.9876846524646246, 0.0], [0.010551698929160044, 0.00017592694862271653, 0.9892723741222172, 0.0], [0.011429184794234666, 0.00020697348084795024, 0.9883638417249173, 0.0], [0.016369024371192, 0.00022994453991563818, 0.9834010310888923, 0.0], [0.021251495130147523, 0.0003353363330865182, 0.978413168536766, 0.0], [0.03584464407025067, 0.0007126734457885497, 0.9634426824839608, 0.0], [0.4265028125720433, 0.0004548451548451549, 0.5730423422731116, 0.0], [0.4220220086140815, 0.0001607238128133478, 0.5778172675731053, 0.0], [0.380995196036978, 0.00013625936821138614, 0.6188685445948106, 0.0], [0.3849582486025248, 0.00011670229296450007, 0.6149250491045106, 0.0], [0.4051762836225438, 0.00010555802977970172, 0.5947181583476764, 0.0], [0.3479656324862212, 9.862965506843349e-05, 0.6519357378587104, 0.0], [0.3324628054345393, 0.00010138102043979131, 0.6674358135450209, 0.0], [0.33484145891205735, 0.00010351102359435986, 0.6650550300643483, 0.0], [0.28518854213093653, 0.0001026936084437421, 0.7147087642606198, 0.0], [0.26354032160439034, 0.00011878581228310873, 0.7363408925833267, 0.0], [0.2545849545722478, 0.00012192138045686993, 0.7452931240472954, 0.0], [0.19476463889321008, 0.00015437030166528826, 0.8050809908051246, 0.0], [0.19374224919738475, 0.00015084479647552314, 0.8061069060061397, 0.0], [0.14979539831012265, 0.0001627721988575426, 0.8500418294910198, 0.0], [0.05537262529603384, 0.00016846850391814388, 0.9444589062000481, 0.0], [0.009879229947447624, 0.00019642003366721267, 0.9899243500188851, 0.0], [0.010550392298522032, 0.0001692025739797192, 0.9892804051274983, 0.0], [0.01221001787099167, 0.0001985197423879691, 0.9875914623866203, 0.0], [0.010028018799710773, 0.00019350226779727865, 0.9897784789324919, 0.0], [0.010341387283438811, 0.0002015311773241668, 0.989457081539237, 0.0], [0.009622803415101437, 0.0001796305019268806, 0.9901975660829716, 0.0], [0.010878077193584952, 0.00018942168036138746, 0.9889325011260537, 0.0], [0.01174107535149385, 0.00017676296133567663, 0.9880821616871706, 0.0], [0.010545912155139133, 0.0001748433463011909, 0.9892792444985596, 0.0], [0.007914152933469858, 0.00016936505489390847, 0.9919164820116363, 0.0], [0.008707494342250334, 0.00017082051877212326, 0.9911216851389776, 0.0], [0.010224017836799791, 0.0001916316765940826, 0.9895843504866062, 0.0], [0.012715134409663287, 0.00023240437374175976, 0.987052461216595, 0.0], [0.016048999947226764, 0.00031070241173676707, 0.9836402976410364, 0.0], [0.03966432801235839, 0.0007579170957775489, 0.959577754891864, 0.0], [0.3629592663799257, 0.0004892375050139865, 0.6365514961150602, 0.0], [0.3432829205673584, 0.00017944227101404224, 0.6565376371616276, 0.0], [0.37582413190705244, 0.0001540431234594491, 0.6240218249694881, 0.0], [0.3906853086524943, 0.0001254100455842883, 0.6091892813019214, 0.0], [0.35652887341304085, 0.00012094786145692101, 0.6433501787255024, 0.0], [0.2889030409565805, 0.00011694076987248242, 0.710980018273547, 0.0], [0.23241948057495568, 0.00012574485807650412, 0.7674547745669678, 0.0], [0.23438308471404198, 0.00010802554081576486, 0.7655088897451423, 0.0], [0.24211124451011776, 0.00012082871567540941, 0.7577679267742067, 0.0], [0.25897926560026663, 0.00012262559360159958, 0.7408981088061317, 0.0], [0.2574255501633673, 0.0001421992119930809, 0.7424322506246396, 0.0], [0.24213433428853517, 0.0001417752305728803, 0.757723890480892, 0.0], [0.20746883973375052, 0.0001803617232401871, 0.7923507985430093, 0.0], [0.13246096851564762, 0.00015043385821420508, 0.8673885976261382, 0.0], [0.06076664272778367, 0.0001838350090551427, 0.9390495222631612, 0.0], [0.009923016897102873, 0.00016928017871874432, 0.9899077029241784, 0.0], [0.008619136749213992, 0.000178606174670364, 0.9912022570761156, 0.0], [0.009924236891500453, 0.0001808321048290907, 0.9898949310036704, 0.0], [0.0130606429529254, 0.00020775989836968028, 0.9867315971487048, 0.0], [0.012075788223206832, 0.00018902908880755152, 0.9877351826879855, 0.0], [0.011416987011283129, 0.00019413867751246391, 0.9883888743112044, 0.0], [0.010482970615380036, 0.00017528059781476082, 0.9893417487868053, 0.0], [0.009963194710899915, 0.00018998848912369764, 0.9898468167999764, 0.0], [0.007213251747285837, 0.00016264261443686289, 0.9926241056382774, 0.0], [0.008075572478002314, 0.0001584237009929231, 0.9917660038210048, 0.0], [0.008678454556680662, 0.00018175784144233145, 0.991139787601877, 0.0], [0.008149905856968523, 0.00018447188460310321, 0.9916656222584284, 0.0], [0.015083134330132121, 0.00024728383774994754, 0.984669581832118, 0.0], [0.024203364039851807, 0.000312422640965383, 0.9754842133191829, 0.0], [0.049592184793085844, 0.0008609919896546138, 0.9495468232172596, 0.0], [0.3675389547096883, 0.0004973447609444584, 0.6319637005293673, 0.0], [0.3843419415059116, 0.00019282415746896798, 0.6154652343366194, 0.0], [0.4105724606611499, 0.0001379968271663165, 0.5892895425116838, 0.0], [0.41350811195474835, 0.00011065284621394594, 0.5863812351990377, 0.0], [0.3682155956877084, 0.00010549372279148259, 0.6316789105895001, 0.0], [0.28072104104062895, 0.00012117688222944882, 0.7191577820771416, 0.0], [0.2678955102121051, 0.00011573391519726366, 0.7319887558726975, 0.0], [0.3149166364449722, 0.00011702731429634236, 0.6849663362407314, 0.0], [0.29518210972879244, 9.911449302200298e-05, 0.7047187757781855, 0.0], [0.2784539660087691, 0.00012440528819238143, 0.7214216287030385, 0.0], [0.2776151222865714, 0.00012330527894671055, 0.7222615724344819, 0.0], [0.26783835771947534, 0.0001485242179616549, 0.7320131180625631, 0.0], [0.18148916438192866, 0.00015346286804148287, 0.8183573727500297, 0.0], [0.1330721313570151, 0.0001504600051111679, 0.8667774086378738, 0.0], [0.0785655191746838, 0.00016620001193448465, 0.9212682808133817, 0.0], [0.010077841930067458, 0.000173432114767137, 0.9897487259551654, 0.0], [0.011539956153555358, 0.00018357161082424432, 0.9882764722356203, 0.0], [0.015152771603460657, 0.00020133023287624392, 0.9846458981636631, 0.0], [0.014806574481912051, 0.00021256047368041015, 0.9849808650444076, 0.0], [0.01026169231236153, 0.00017868524082673227, 0.9895596224468118, 0.0], [0.00785868850653151, 0.00018379068859952826, 0.9919575208048689, 0.0], [0.007677117180048741, 0.00016984575234000983, 0.9921530370676113, 0.0], [0.009854208143911662, 0.00019365075678047324, 0.9899521410993078, 0.0], [0.010004239920656154, 0.0001545470108670137, 0.9898412130684768, 0.0], [0.01211546514624404, 0.00018965017394665634, 0.9876948846798093, 0.0], [0.01079227216608603, 0.0001784221394568963, 0.989029305694457, 0.0], [0.011517667777609453, 0.00022297757915467356, 0.9882593546432358, 0.0], [0.013404821727686048, 0.0002348049772672888, 0.9863603732950467, 0.0], [0.016523393875271852, 0.0003460588961382472, 0.9831305472285898, 0.0], [0.04042047537568263, 0.0007297477279366192, 0.9588497768963808, 0.0], [0.5094069005581512, 0.0005223658310887686, 0.4900707336107601, 0.0], [0.45035013517656564, 0.00016409320215167648, 0.5494857716212826, 0.0], [0.4228923030401712, 0.00014972901304924284, 0.5769579679467796, 0.0], [0.3768942964883337, 0.00010673688790587212, 0.6229989666237604, 0.0], [0.3359568550810638, 0.00012582582804914448, 0.663917319090887, 0.0], [0.2858092558799676, 0.00011937347931873479, 0.7140713706407137, 0.0], [0.2803698918027513, 0.00011840358780468185, 0.7195117046094441, 0.0], [0.29479734086782394, 9.990836430280506e-05, 0.7051027507678732, 0.0], [0.2978585151107895, 0.00010144215858575417, 0.7020400427306248, 0.0], [0.2792363614981407, 0.00010797946878087178, 0.7206556590330785, 0.0], [0.23787892126815066, 0.00011854577001807423, 0.7620025329618313, 0.0], [0.24405549461849596, 0.00013453760197436074, 0.7558099677795297, 0.0], [0.21342342237299494, 0.00015631487171719, 0.7864202627552879, 0.0], [0.10794615580448068, 0.00016653937542430417, 0.8918873048200949, 0.0], [0.04437290209143812, 0.00016491303461230273, 0.9554621848739495, 0.0], [0.008208238583983774, 0.00018092004179214553, 0.9916108413742241, 0.0], [0.010421350272984022, 0.00016850705134272703, 0.9894101426756733, 0.0], [0.014188904612689105, 0.0001983725866774487, 0.9856127228006334, 0.0], [0.011467191645690182, 0.0002002687257636574, 0.9883325396285461, 0.0], [0.008681413123289499, 0.00019649889860489953, 0.9911220879781055, 0.0], [0.009422605687038437, 0.0001720910623946037, 0.9904053032505669, 0.0], [0.010551912482784524, 0.00018428383623388006, 0.9892638036809815, 0.0], [0.008957885525200318, 0.00017603303525036234, 0.9908660814395494, 0.0], [0.009959028947771481, 0.00018034921121151784, 0.989860621841017, 0.0], [0.008289422461974807, 0.00016370992408864664, 0.9915468676139365, 0.0], [0.011285985782758867, 0.0001971076219950667, 0.988516906595246, 0.0], [0.015208515204423104, 0.00021415320820602357, 0.9845773315873709, 0.0], [0.01642257739973476, 0.00026924132254081494, 0.9833081812777245, 0.0], [0.016041901197443743, 0.00031158870114150744, 0.9836465101014147, 0.0], [0.03886024261260412, 0.0006786622865313208, 0.9604610951008645, 0.0], [0.41420221224488896, 0.000463176161732328, 0.5853346115933787, 0.0], [0.37309043974953787, 0.0001794828161593564, 0.6267300774343028, 0.0], [0.38399247499579436, 0.00014032400895107227, 0.6158672009952546, 0.0], [0.37566603443244817, 0.00011453166034432449, 0.6242194339072075, 0.0], [0.36214723064345816, 0.00010027421058010015, 0.6377524951459618, 0.0], [0.3212399975751697, 0.00010197277262020229, 0.67865802965221, 0.0], [0.25052643066501545, 0.00011526771577303739, 0.7493583016192115, 0.0], [0.2535785483721804, 0.00010715655301334512, 0.7463142950748062, 0.0], [0.26097166717901427, 0.00012065785428834922, 0.7389076749666974, 0.0], [0.2561071236234656, 0.00010933350665750525, 0.7437835428698769, 0.0], [0.2278644102874151, 0.0001376360338573156, 0.7719979536787276, 0.0], [0.18999396733581053, 0.0001434461716448846, 0.8098625864925446, 0.0], [0.18293089576873323, 0.0001920714380223247, 0.8168770327932444, 0.0], [0.14216615769619037, 0.0001652808818633954, 0.8576685614219463, 0.0], [0.06833704875835253, 0.00018994561864220887, 0.9314730056230052, 0.0], [0.011151042322710669, 0.00018539803501700465, 0.9886635596422724, 0.0], [0.009137083333333336, 0.00019625000000000003, 0.9906666666666667, 0.0], [0.010461675900731078, 0.00019301380192112254, 0.9893453102973478, 0.0], [0.011857178020979287, 0.00022295224751012993, 0.9879198697315107, 0.0], [0.00835006330003157, 0.00017488066687362222, 0.9914750560330948, 0.0], [0.008703882409813282, 0.00017882953652788688, 0.9911172880536588, 0.0], [0.009868070786722818, 0.0001636081995496205, 0.9899683210137276, 0.0], [0.011457702674683809, 0.000222441080931647, 0.9883198562443846, 0.0], [0.010058635911086354, 0.0001649076194646752, 0.989776456469449, 0.0], [0.01147802058724266, 0.00016558386770165374, 0.9883563955450556, 0.0], [0.012505893509482207, 0.0001744279989785335, 0.9873196784915392, 0.0], [0.015243999014500912, 0.0002072187807968464, 0.9845487822047022, 0.0], [0.013712156816668626, 0.00023058395018211726, 0.9860572592331491, 0.0], [0.012849615670716588, 0.00029196627820481027, 0.9868584180510785, 0.0], [0.04263613861386138, 0.0007108790147307413, 0.9566529823714078, 0.0], [0.39404332556457444, 0.00047568110584264247, 0.6054809933295828, 0.0], [0.3946246397933159, 0.0001950084462256964, 0.6051803517604584, 0.0], [0.3835335659236422, 0.00015180955128382996, 0.6163146245250739, 0.0], [0.34885314516684657, 0.00013521117056702572, 0.6510116436625863, 0.0], [0.33809753703802087, 0.00012085793307009149, 0.661781605028909, 0.0], [0.27394799193773184, 0.00012624096747217874, 0.725925767094796, 0.0], [0.27799447773365477, 0.00010437349312154304, 0.7219011487732236, 0.0], [0.29372556957784224, 0.00010958789367880276, 0.7061648425284789, 0.0], [0.24671577394259145, 0.00010529374944111599, 0.7531789323079674, 0.0], [0.22506983088427096, 0.00012797800191287716, 0.7748021911138162, 0.0], [0.19644657955581957, 0.00012555204378168552, 0.8034278684003987, 0.0], [0.19083964269971734, 0.0001526564161070345, 0.8090077008841756, 0.0], [0.15762755990169974, 0.00016478087241449926, 0.8422076592258857, 0.0], [0.13088336708043552, 0.0001727704903600669, 0.8689438624292045, 0.0], [0.06722155739596998, 0.00016691149200892799, 0.9326115311120211, 0.0], [0.009429133231435488, 0.0001874761176920138, 0.9903833906508726, 0.0], [0.008682081399882722, 0.00017619237147419335, 0.9911417262286432, 0.0], [0.009307801164644264, 0.00019153193012134422, 0.9905006669052343, 0.0], [0.009389040503211635, 0.0001959430225979299, 0.9904150164741905, 0.0], [0.00931312297696873, 0.0001943627529889829, 0.9904925142700423, 0.0], [0.008161121262903814, 0.00017124767587642183, 0.9916676310612198, 0.0], [0.00987563869890994, 0.00016100736574028356, 0.9899633539353497, 0.0], [0.009968840719953553, 0.00017797008487931653, 0.9898531891951671, 0.0], [0.009282947386344288, 0.0001670781542652818, 0.9905499744593904, 0.0], [0.011717864340597055, 0.00018539803501700468, 0.988096737624386, 0.0], [0.011536788839512214, 0.0001745489213985987, 0.9882886622390891, 0.0], [0.012214748515805372, 0.00021459698337673259, 0.9875706545008179, 0.0], [0.012830711404790992, 0.00023597847874437958, 0.9869333101164646, 0.0], [0.01976581325301205, 0.00035466867469879514, 0.9798795180722891, 0.0], [0.03313950011958861, 0.0007040779717770868, 0.9661564219086343, 0.0], [0.44653563475322255, 0.0004099255736924183, 0.553054439673085, 0.0], [0.3933713977651441, 0.00016488363626179743, 0.606463718598594, 0.0], [0.3630236925236925, 0.00016138494709923276, 0.6368149225292082, 0.0], [0.3768552455989616, 0.00010762663839277552, 0.6230371277626456, 0.0], [0.37790814966228226, 0.00010464806256665482, 0.6219872022751511, 0.0], [0.34555025127546135, 0.00010021231919484016, 0.6543495364053439, 0.0], [0.30241785317476644, 0.00012113699024731492, 0.6974610098349862, 0.0], [0.24278697211804992, 0.00010666340561987065, 0.7571063644763303, 0.0], [0.22639521809366714, 0.00011644985520968597, 0.7734883320511232, 0.0], [0.241309478950784, 0.00012324938767820133, 0.7585672716615377, 0.0], [0.23357290707188783, 0.00013837288135593222, 0.7662887200467562, 0.0], [0.24892046541364823, 0.00013153085203455867, 0.7509480037343172, 0.0], [0.24008134531720612, 0.0001538700578476837, 0.7597647846249461, 0.0], [0.13923079373168556, 0.00015001911071474072, 0.8606191871575997, 0.0], [0.045866541133882166, 0.00017187773690663862, 0.9539615811292111, 0.0], [0.011071897570584372, 0.00018408216865209643, 0.9887440202607636, 0.0], [0.011461069789523659, 0.00018634277575565753, 0.9883525874347207, 0.0], [0.011184659907966637, 0.00021165875754961173, 0.9886036813344837, 0.0], [0.011477851127146563, 0.00020347219270420495, 0.9883186766801492, 0.0], [0.010877206542255102, 0.00019458202355651473, 0.9889282114341884, 0.0], [0.009169214562314797, 0.00018206734685164675, 0.9906487180908337, 0.0], [0.008015672782874619, 0.00018004587155963302, 0.9918042813455658, 0.0], [0.009147144609513424, 0.00017546681204852114, 0.990677388578438, 0.0], [0.010065701071841507, 0.00018397862566794788, 0.9897503203024905, 0.0], [0.009410204723508894, 0.00016833933779378967, 0.9904214559386973, 0.0], [0.011952309257299426, 0.0001803845973373683, 0.9878673061453632, 0.0], [0.013717937756497947, 0.00020135088919288644, 0.9860807113543091, 0.0], [0.01574710071256374, 0.00025532784027896454, 0.9839975714471573, 0.0], [0.02104147092598392, 0.0003073128719072972, 0.9786512162021087, 0.0], [0.04015066303575658, 0.0006970755387165524, 0.9591522614255269, 0.0], [0.43711376597836776, 0.00044768928220255655, 0.5624385447394298, 0.0], [0.45019611313010044, 0.0001808485858417653, 0.5496230382840578, 0.0], [0.4466183451328828, 0.00012473221130793392, 0.5532569226558093, 0.0], [0.4387449760139975, 0.0001061499618783551, 0.5611488740241242, 0.0], [0.3694388403042979, 0.00010377007730077039, 0.6304573896184013, 0.0], [0.28684314502003766, 0.00011188937883726498, 0.7130449656011251, 0.0], [0.25949582074430555, 0.00010651674416080185, 0.7403976625115337, 0.0], [0.23938873823119375, 0.00011243626224624256, 0.7604988255065599, 0.0], [0.22619455370351177, 0.00011480096932557083, 0.7736906453271626, 0.0], [0.25438922736662006, 0.00012284307384146723, 0.7454879295595386, 0.0], [0.2521145244835903, 0.00012412498689315298, 0.7477613505295166, 0.0], [0.2546211993649572, 0.0001416217646492832, 0.7452371788703935, 0.0], [0.18270146081482838, 0.00016758370482796586, 0.8171309554803436, 0.0], [0.10855683287502564, 0.0001498881025710958, 0.8912932790224032, 0.0], [0.04846807712402297, 0.00019072811117206196, 0.951341194764805, 0.0], [0.011520796820230344, 0.00018426076614922382, 0.9882949424136204, 0.0], [0.011369217745489732, 0.00019395141939249573, 0.9884368308351178, 0.0], [0.011736856525803436, 0.00018977855139735034, 0.9880733649227993, 0.0], [0.014083442838370564, 0.00022104373944058567, 0.9856955134221888, 0.0], [0.00971968573122393, 0.00018102672514263025, 0.9900992875436335, 0.0], [0.008175038252885465, 0.00018821724306438014, 0.9916367445040501, 0.0], [0.008130980516486051, 0.00016968814848973947, 0.9916993313350242, 0.0], [0.008722257936196675, 0.00020374656924994464, 0.9910739954945534, 0.0], [0.00863182261208577, 0.00016877364981080154, 0.9911994037381034, 0.0], [0.009805655164300521, 0.0001873697339877921, 0.9900069751017117, 0.0], [0.010217843877306494, 0.0001763569374550683, 0.9896057991852384, 0.0], [0.012033847331583553, 0.00021462160979877513, 0.9877515310586176, 0.0], [0.012688874309117663, 0.00023410473577478234, 0.9870770209551076, 0.0], [0.019528505614742297, 0.0003390440541318745, 0.9801324503311257, 0.0], [0.03867213007705367, 0.0007689042706020634, 0.9605589656523443, 0.0], [0.47045289627513176, 0.00040727500196663895, 0.5291398287229014, 0.0], [0.4129504037387312, 0.00016280902604944418, 0.5868867872352193, 0.0], [0.37387285579415874, 0.00014493098958555167, 0.6259822132162557, 0.0], [0.3456338084447875, 0.00011722691679262193, 0.6542489646384199, 0.0], [0.3392292341457371, 0.00010420538416609143, 0.6606665604700969, 0.0], [0.3319830049565202, 0.00010384879967544493, 0.6679131462438043, 0.0], [0.30892868840377974, 9.641681542013988e-05, 0.6909748947808002, 0.0], [0.27571741643386954, 0.00011342837876890474, 0.7241691551873615, 0.0], [0.2920681803496659, 0.00010551451941777888, 0.7078263051309164, 0.0], [0.27547152804960967, 0.0001212942170213643, 0.724407177733369, 0.0], [0.2406692410923975, 0.00013238721510210473, 0.7591983716925004, 0.0], [0.25589229027013083, 0.00015760800591585401, 0.7439501017239534, 0.0], [0.23943942261330559, 0.0001608272305419682, 0.7603997501561525, 0.0], [0.16032225628099056, 0.00017449821677166508, 0.8395032455022378, 0.0], [0.045796944083580995, 0.00017085613066124082, 0.9540321997857577, 0.0], [0.009066328786156373, 0.00018591322470632815, 0.9907477579891374, 0.0], [0.010630967914768325, 0.00017380681072087868, 0.9891952252745108, 0.0], [0.012523549356937174, 0.0002019437581649024, 0.9872745068848979, 0.0], [0.01080078253978736, 0.0001943967509740474, 0.9890048207092387, 0.0], [0.011342827646899539, 0.00019927904142973192, 0.9884578933116707, 0.0], [0.008779887466591644, 0.00016651849767899843, 0.9910535940357292, 0.0], [0.008214492963876397, 0.00017082547511968664, 0.991614681561004, 0.0], [0.008073632724685535, 0.00018791316152511956, 0.9917384541137894, 0.0], [0.007636464497041422, 0.0001741863905325444, 0.9921893491124261, 0.0], [0.009254424840040994, 0.00016307509071268318, 0.9905825000692463, 0.0], [0.010313111968667205, 0.00016955131897246863, 0.9895173367123604, 0.0], [0.01030859175599796, 0.00018783499234303216, 0.9895035732516589, 0.0], [0.011981642987719338, 0.00022315386049840614, 0.9877952031517822, 0.0], [0.015486585500220362, 0.00032434442485676507, 0.9841890700749228, 0.0], [0.032470323156632605, 0.000737772561734445, 0.966791904281633, 0.0], [0.38730655548778264, 0.00045009850461286756, 0.6122433460076047, 0.0], [0.3649148328396106, 0.00017796687020131793, 0.634907200290188, 0.0], [0.35935849242215107, 0.00016430633452752026, 0.6404772012433214, 0.0], [0.3665892593521374, 0.00011723208553682214, 0.6332935085623258, 0.0], [0.3297045185857139, 0.00011876875391335115, 0.6701767126603728, 0.0], [0.2768531778382266, 0.000107561698101698, 0.7230392604636717, 0.0], [0.2718086712693271, 0.00012097304817759898, 0.7280703556824955, 0.0], [0.28933531380711774, 0.00011146569986859043, 0.7105532204930137, 0.0], [0.28057102560393465, 0.00012166518567502223, 0.7193073092103903, 0.0], [0.27812605570361476, 0.00011049697834165383, 0.7217634473180436, 0.0], [0.3045990814098655, 0.00014084149500291827, 0.6952600770951315, 0.0], [0.27973433826410665, 0.00014418838166144202, 0.720121473354232, 0.0], [0.2399635829578509, 0.00018356812867164772, 0.7598528489134775, 0.0], [0.1632863113233912, 0.00014957699245446, 0.8365641116841543, 0.0], [0.07855580945649818, 0.00018072245251739597, 0.9212634680909845, 0.0], [0.009047054083094554, 0.00017572528653295126, 0.9907772206303724, 0.0], [0.007956045811839844, 0.0001807756079587325, 0.9918631785802013, 0.0], [0.008507078287407007, 0.00019404195850401747, 0.991298879754089, 0.0], [0.009904080136004533, 0.0001962565418847295, 0.9898996633221108, 0.0], [0.01274766992137966, 0.0001866440527517119, 0.9870656860258685, 0.0], [0.011707878361392676, 0.0001867422412260359, 0.9881053793973813, 0.0], [0.008048281786096921, 0.00016678294294758346, 0.9917849352709555, 0.0], [0.0084328511512454, 0.00018365716568233045, 0.9913834916830723, 0.0], [0.009265528519899735, 0.0001799688206883903, 0.9905545026594119, 0.0], [0.008502698914469762, 0.00017557855183108673, 0.9913217225336991, 0.0], [0.010121779493063523, 0.0002047042870553875, 0.9896735162198811, 0.0], [0.012806384742951905, 0.000195273631840796, 0.9869983416252073, 0.0], [0.014471214677351327, 0.0002483129481231548, 0.9852804723745254, 0.0], [0.017938480912068476, 0.00031421953542297567, 0.9817472995525086, 0.0], [0.049125327837530645, 0.0008528289477186031, 0.9500218432147508, 0.0], [0.46536615463424935, 0.00043117908761267635, 0.534202666278138, 0.0], [0.4071990567015859, 0.00018043916756678124, 0.5926205041308473, 0.0], [0.3826814289472452, 0.00013587274307961424, 0.6171826983096751, 0.0], [0.3949270721999042, 0.00010849334758412266, 0.6049644344525117, 0.0], [0.4042926107318359, 9.708617789650738e-05, 0.5956103030902675, 0.0], [0.3411722213016281, 0.00012194995650192634, 0.65870582874187, 0.0], [0.2490080810268121, 0.00011590023229260994, 0.7508760187408954, 0.0], [0.25422872285257936, 0.0001221244995747682, 0.7456491526478458, 0.0], [0.2721602370948989, 0.00010459737342168729, 0.7277351655316795, 0.0], [0.2704503286360311, 0.00012144542767966645, 0.7294282259362893, 0.0], [0.22644950690335303, 0.00013117257274560643, 0.7734193205239013, 0.0], [0.22528551235865102, 0.00014729060342239566, 0.7745671970379265, 0.0], [0.19236304612121366, 0.00016650715228019346, 0.8074704467265061, 0.0], [0.1288342669426363, 0.0001585807797114308, 0.8710071522776522, 0.0], [0.052180425617925616, 0.00017000173250173253, 0.9476495726495726, 0.0], [0.0098506999151618, 0.00017838746818567446, 0.9899709126166525, 0.0], [0.009720516057107175, 0.0001804740419027264, 0.9900990099009901, 0.0], [0.009900464014536956, 0.00019104095009410082, 0.9899084950353689, 0.0], [0.009719037831922756, 0.00022696484242009922, 0.9900539973256572, 0.0], [0.008416368114643979, 0.00018832768217004673, 0.991395304203186, 0.0], [0.009401284916201116, 0.000194508708511337